	 Продажи	 Оборот	 Расходы	 Долги и займы	 Исследования и инновации	 Инвестиции	 Доля рынка	 Стабильность предприятия	 Текущий капитал
 Продажи	0	0.6	0	-0.4	0.2	0.3	0.6	0.8	0
 Оборот	0	0	0	-0.2	0.2	0.5	0.1	0.3	0
 Расходы	0	0	0	0.4	-0.5	-0.4	0	-0.6	-0.5
 Долги и займы	0	0	-0.4	0	-0.7	-0.8	0	-0.7	-0.4
 Исследования и инновации	0.2	0.3	0	0	0	0.5	0.3	0.2	-0.2
 Инвестиции	0.3	0.2	0.6	0.5	-0.3	0	0.3	0.3	-0.4
 Доля рынка	0.4	0.3	0	-0.2	0	0	0	0.4	0.5
 Стабильность предприятия	0	0	0	0	0	0	0	0	0
 Текущий капитал	0	0	0	-0.3	0.2	0.4	0	0.2	0
